2.25523952394724
5.03169186413288
10.1579474285245
18.5553170740604
30.6691229343414
45.8674766123295
63.3234828710556
80.7014182209969
94.9410423636436
111.69321089983
131.401270627975
154.586806893349
181.863352656364
213.952820748091
251.704417169094
296.117216348648
348.366588354111
409.83521938324
482.149928808212
567.22442060709
652.332969009876
730.445891618729
796.363070607185
845.353666692972
873.715866357088
900.324631482363
924.964462406933
947.432334534824
967.538624536246
985.112190246582
1000.0
