12.5
50
100
150
200
250
299.95
349.45
397.45
442.8
484.55
522.1
555.45
584.9
611
634.55
656.4
677.2
697.45
717.5
737.5
757.5
777.5
797.5
817.5
837.5
857.5
877.5
897.5
917.5
937.5
957.5
977.5
997.5
1017.5
1037.5
1057.5
1077.5
1097.5
1117.5
1137.5
1157.5
1177.5
1197.5
1217.5
1237.5
1257.5
1277.5
1297.5
1317.5
1337.5
1357.5
1377.5
1397.5
1417.5
1437.5
1457.5
1477.5
1497.5
1517.55
1537.75
1558.15
1578.8
1599.85
1621.4
1643.55
1666.4
1690.05
1714.7
1740.5
1767.65
1796.35
1826.9
1859.6
1894.8
1933
1974.75
2020.75
2071.8
2129
2193.85
2268.15
2354.3
2455.6
2576.5
2723.2
2904.4
3132.35
3424.35
3804.9
4308.15
4980.65
5884.9
6951.95
8000
9000
10000
11000
12000
13000
14000
15000
16000
17000
18000
19000
20000
21250
22750
24250
25750
27250
28750
30250
