1.95917395824951
2.38553879473806
2.90469119254975
3.53682402595452
4.3065246394019
5.24373119320532
6.38489713376235
7.77440908137159
9.46631328559834
11.5264178001405
14.0348521430746
17.0891840026452
20.8082142155213
25.3365976264286
30.8504695614249
37.5642967612839
45.7392192478716
55.6932075875061
67.8134306267019
77.3258504214436
88.1726095869438
100.540880430015
114.644090551443
130.725605765072
149.062929632443
169.97249208038
193.81510973421
221.002212190428
252.002941669732
287.352248562465
327.660122563649
373.622118690633
431.439726759315
494.419354554317
557.1333479
652.332969009876
730.445891618729
796.363070607185
845.353666692972
873.715866357088
900.324631482363
924.964462406933
947.432334534824
967.538624536246
985.112190246582
1000
