     0.0
    50.0
   100.0
   150.0
   200.0
   250.0
   275.0
   300.0
   324.9
   374.0
   420.9
   464.7
   484.7
   494.7
   500.0
502.5
505
507.5
510
512.5
515
517.5
520
522.5
525
527.5
530
532.5
535
537.5
540
542.5
545
547.5
550
552.5
555
557.5
560
562.5
565
567.5
570
572.5
575
577.5
580
582.5
585
587.5
590
592.5
595
597.5
600
602.5
605
607.5
610
612.5
615
617.5
620
622.5
625
627.5
630
632.5
635
637.5
640
642.5
645
647.5
650
652.5
655
657.5
660
662.5
665
667.5
670
672.5
675
677.5
680
682.5
685
687.5
690
692.5
695
697.5
700
702.5
705
707.5
710
712.5
715
717.5
720
722.5
725
727.5
730
732.5
735
737.5
740
742.5
745
747.5
750
752.5
755
757.5
760
762.5
765
767.5
770
772.5
775
777.5
780
782.5
785
787.5
790
792.5
795
797.5
800
802.5
805
807.5
810
812.5
815
817.5
820
822.5
825
827.5
830
832.5
835
837.5
840
842.5
845
847.5
850
852.5
855
857.5
860
862.5
865
867.5
870
872.5
875
877.5
880
882.5
885
887.5
890
892.5
895
897.5
900
902.5
905
907.5
910
912.5
915
917.5
920
922.5
925
927.5
930
932.5
935
937.5
940
942.5
945
947.5
950
952.5
955
957.5
960
962.5
965
967.5
970
972.5
975
977.5
980
982.5
985
987.5
990
992.5
995
997.5
1000
1002.5
1005
1007.5
1010
1012.5
1015
1017.5
1020
1022.5
1025
1027.5
1030
1032.5
1035
1037.5
1040
1042.5
1045
1047.5
1050
1052.5
1055
1057.5
1060
1062.5
1065
1067.5
1070
1072.5
1075
1077.5
1080
1082.5
1085
1087.5
1090
1092.5
1095
1097.5
1100
1102.5
1105
1107.5
1110
1112.5
1115
1117.5
1120
1122.5
1125
1127.5
1130
1132.5
1135
1137.5
1140
1142.5
1145
1147.5
1150
1152.5
1155
1157.5
1160
1162.5
1165
1167.5
1170
1172.5
1175
1177.5
1180
1182.5
1185
1187.5
1190
1192.5
1195
1197.5
1200
1202.5
1205
1207.5
1210
1212.5
1215
1217.5
1220
1222.5
1225
1227.5
1230
1232.5
1235
1237.5
1240
1242.5
1245
1247.5
1250
1252.5
1255
1257.5
1260
1262.5
1265
1267.5
1270
1272.5
1275
1277.5
1280
1282.5
1285
1287.5
1290
1292.5
1295
1297.5
1300
1302.5
1305
1307.5
1310
1312.5
1315
1317.5
1320
1322.5
1325
1327.5
1330
1332.5
1335
1337.5
1340
1342.5
1345
1347.5
1350
1352.5
1355
1357.5
1360
1362.5
1365
1367.5
1370
1372.5
1375
1377.5
1380
1382.5
1385
1387.5
1390
1392.5
1395
1397.5
1400
1402.5
1405
1407.5
1410
1412.5
1415
1417.5
1420
1422.5
1425
1427.5
1430
1432.5
1435
1437.5
1440
1442.5
1445
1447.5
1450
1452.5
1455
1457.5
1460
1462.5
1465
1467.5
1470
1472.5
1475
1477.5
1480
1482.5
1485
1487.5
1490
1492.5
1495
1497.5
1500
1502.5
1505
1507.5
1510
1512.5
1515
1517.5
1520
1522.5
1525
1527.5
1530
1532.5
1535
1537.5
1540
1542.5
1545
1547.5
1550
1552.5
1555
1557.5
1560
1562.5
1565
1567.5
1570
1572.5
1575
1577.5
1580
1582.5
1585
1587.5
1590
1592.5
1595
1597.5
1600
1602.5
1605
1607.5
1610
1612.5
1615
1617.5
1620
1622.5
1625
1627.5
1630
1632.5
1635
1637.5
1640
1642.5
1645
1647.5
1650
1652.5
1655
1657.5
1660
1662.5
1665
1667.5
1670
1672.5
1675
1677.5
1680
1682.5
1685
1687.5
1690
1692.5
1695
1697.5
1700
1702.5
1705
1707.5
1710
1712.5
1715
1717.5
1720
1722.5
1725
1727.5
1730
1732.5
1735
1737.5
1740
1742.5
1745
1747.5
1750
1752.5
1755
1757.5
1760
1762.5
1765
1767.5
1770
1772.5
1775
1777.5
1780
1782.5
1785
1787.5
1790
1792.5
1795
1797.5
1800
1802.5
1805
1807.5
1810
1812.5
1815
1817.5
1820
1822.5
1825
1827.5
1830
1832.5
1835
1837.5
1840
1842.5
1845
1847.5
1850
1852.5
1855
1857.5
1860
1862.5
1865
1867.5
1870
1872.5
1875
1877.5
1880
1882.5
1885
1887.5
1890
1892.5
1895
1897.5
1900
1902.5
1905
1907.5
1910
1912.5
1915
1917.5
1920
1922.5
1925
1927.5
1930
1932.5
1935
1937.5
1940
1942.5
1945
1947.5
1950
1952.5
1955
1957.5
1960
1962.5
1965
1967.5
1970
1972.5
1975
1977.5
1980
1982.5
1985
1987.5
1990
1992.5
1995
1997.5
2000
2010.5
2025
  2044.9
  2098.7
  2159.3
  2228.4
  2307.9
  2400.7
  2510.5
  2642.5
  2803.9
  3004.9
  3259.8
  3588.9
  4020.9
  4595.4
  5365.9
  6403.9
  7500.0
  8500.0
  9500.0
 10500.0
 11500.0
 12500.0
 13500.0
 14500.0
 15500.0
 16500.0
 17500.0
 18500.0
 19500.0
 20500.0
 22000.0
 23500.0
 25000.0
 26500.0
 28000.0
 29500.0
 31000.0
 32500.0
 34000.0
 35500.0
 37000.0
 38500.0
 40000.0
 41500.0
 43000.0
 44500.0
 46000.0
 47500.0
