     0.0
    25.0
    50.0
    75.0
   100.0
   125.0
   150.0
   175.0
   200.0
   225.0
   250.0
   275.0
   300.0
   324.9
   374.0
   420.9
   464.7
   504.4
   539.8
   571.1
   598.7
   623.3
   645.8
   667.0
   687.4
697.5
700
702.5
705
707.5
710
712.5
715
717.5
720
722.5
725
727.5
730
732.5
735
737.5
740
742.5
745
747.5
750
752.5
755
757.5
760
762.5
765
767.5
770
772.5
775
777.5
780
782.5
785
787.5
790
792.5
795
797.5
800
802.5
805
807.5
810
812.5
815
817.5
820
822.5
825
827.5
830
832.5
835
837.5
840
842.5
845
847.5
850
852.5
855
857.5
860
862.5
865
867.5
870
872.5
875
877.5
880
882.5
885
887.5
890
892.5
895
897.5
900
902.5
905
907.5
910
912.5
915
917.5
920
922.5
925
927.5
930
932.5
935
937.5
940
942.5
945
947.5
950
952.5
955
957.5
960
962.5
965
967.5
970
972.5
975
977.5
980
982.5
985
987.5
990
992.5
995
997.5
1000
1002.5
1005
1007.5
1010
1012.5
1015
1017.5
1020
1022.5
1025
1027.5
1030
1032.5
1035
1037.5
1040
1042.5
1045
1047.5
1050
1052.5
1055
1057.5
1060
1062.5
1065
1067.5
1070
1072.5
1075
1077.5
1080
1082.5
1085
1087.5
1090
1092.5
1095
1097.5
1100
1102.5
1105
1107.5
1110
1112.5
1115
1117.5
1120
1122.5
1125
1127.5
1130
1132.5
1135
1137.5
1140
1142.5
1145
1147.5
1150
1152.5
1155
1157.5
1160
1162.5
1165
1167.5
1170
1172.5
1175
1177.5
1180
1182.5
1185
1187.5
1190
1192.5
1195
1197.5
1200
1202.5
1205
1207.5
1210
1212.5
1215
1217.5
1220
1222.5
1225
1227.5
1230
1232.5
1235
1237.5
1240
1242.5
1245
1247.5
1250
1252.5
1255
1257.5
1260
1262.5
1265
1267.5
1270
1272.5
1275
1277.5
1280
1282.5
1285
1287.5
1290
1292.5
1295
1297.5
1300
1302.5
1305
1307.5
1310
1312.5
1315
1317.5
1320
1322.5
1325
1327.5
1330
1332.5
1335
1337.5
1340
1342.5
1345
1347.5
1350
1352.5
1355
1357.5
1360
1362.5
1365
1367.5
1370
1372.5
1375
1377.5
1380
1382.5
1385
1387.5
1390
1392.5
1395
1397.5
1400
1402.5
1405
1407.5
1410
1412.5
1415
1417.5
1420
1422.5
1425
1427.5
1430
1432.5
1435
1437.5
1440
1442.5
1445
1447.5
1450
1452.5
1455
1457.5
1460
1462.5
1465
1467.5
1470
1472.5
1475
1477.5
1480
1482.5
1485
1487.5
1490
1492.5
1495
1497.5
1500
1502.5
1505
  1507.5
  1527.6
  1547.9
  1568.4
  1589.2
  1610.5
  1632.3
  1654.8
  1678.0
  1702.1
  1727.3
  1753.7
  1781.6
  1811.1
  1842.7
  1876.5
  1913.1
  1952.9
  1996.6
  2044.9
  2098.7
  2159.3
  2228.4
  2307.9
  2400.7
  2510.5
  2642.5
  2803.9
  3004.9
  3259.8
  3588.9
  4020.9
  4595.4
  5365.9
  6403.9
  7500.0
  8500.0
  9500.0
 10500.0
 11500.0
 12500.0
 13500.0
 14500.0
 15500.0
 16500.0
 17500.0
 18500.0
 19500.0
 20500.0
 22000.0
 23500.0
 25000.0
 26500.0
 28000.0
 29500.0
 31000.0
 32500.0
 34000.0
 35500.0
 37000.0
 38500.0
 40000.0
 41500.0
 43000.0
 44500.0
 46000.0
 47500.0
