     0.0
    25.0
    75.0
   125.0
   175.0
   225.0
   275.0
   324.9
   374.0
   420.9
   464.7
   504.4
   539.8
   571.1
   598.7
   623.3
   645.8
   667.0
   687.4
   707.5
   727.5   752.5   777.5   802.5   827.5   852.5   877.5   902.5   927.5   952.5   977.5  1002.5  1027.5  1052.5  1077.5  1102.5  1127.5  1152.5  1177.5  1202.5  1227.5  1252.5  1277.5  1302.5  1327.5  1352.5  1377.5  1402.5  1427.5  1452.5  1477.5  1502.5  1527.5
  1547.9
  1568.4
  1589.2
  1610.5
  1632.3
  1654.8
  1678.0
  1702.1
  1727.3
  1753.7
  1781.6
  1811.1
  1842.7
  1876.5
  1913.1
  1952.9
  1996.6
  2044.9
  2098.7
  2159.3
  2228.4
  2307.9
  2400.7
  2510.5
  2642.5
  2803.9
  3004.9
  3259.8
  3588.9
  4020.9
  4595.4
  5365.9
  6403.9
  7500.0
  8500.0
  9500.0
 10500.0
 11500.0
 12500.0
 13500.0
 14500.0
 15500.0
 16500.0
 17500.0
 18500.0
 19500.0
 20500.0
 22000.0
 23500.0
 25000.0
 26500.0
 28000.0
 29500.0
 31000.0
