     0.0
    25.0
    75.0
   125.0
   175.0
   225.0
   275.0
   325.0
   375.0
   425.0
   475.0
   525.0
   575.0
   625.0
   675.0
   700.0
   715.0   730.0   745.0   760.0   775.0   790.0   805.0   820.0   835.0   850.0   865.0   880.0   895.0   910.0   925.0   940.0   955.0   970.0   985.0  1000.0  1015.0  1030.0  1045.0  1060.0  1075.0  1090.0  1105.0  1120.0  1135.0  1150.0  1165.0  1180.0  1195.0  1210.0  1225.0  1240.0  1255.0  1270.0  1285.0  1300.0  1315.0  1330.0  1345.0  1360.0  1375.0  1390.0  1405.0  1420.0
  1435.0  1450.0  1465.0  1480.0  1495.0
  1510.0
  1550.0
  1600.0
  1700.0
  1800.0
  2100.0
  2400.0  2700.0  3000.0  3500.0  4000.0  5000.0  6000.0
  7000.0
  8000.0
  9000.0
 10000.0
 11500.0
 13000.0
 14500.0
 16000.0
 17500.0
 19000.0
 20500.0
 22000.0
 23500.0
 25000.0
 26500.0
 28000.0
 29500.0
 31000.0
