     0.0
    25.0
    50.0
    75.0
   100.0
   125.0
   150.0
   175.0
   200.0
   225.0
   250.0
   275.0
   300.0
   324.9
   374.0
   420.9
   464.7
   504.4
   539.8
   571.1
   598.7
   623.3
   645.8
   667.0
   687.4
   697.5
   702.5
   707.5
   712.5
   717.5
   722.5
   727.5
   732.5
   737.5
   742.5
   747.5
   752.5
   757.5
   762.5
   767.5
   772.5
   777.5
   782.5
   787.5
   792.5
   797.5
   802.5
   807.5
   812.5
   817.5
   822.5
   827.5
   832.5
   837.5
   842.5
   847.5
   852.5
   857.5
   862.5
   867.5
   872.5
   877.5
   882.5
   887.5
   892.5
   897.5
   902.5
   907.5
   912.5
   917.5
   922.5
   927.5
   932.5
   937.5
   942.5
   947.5
   952.5
   957.5
   962.5
   967.5
   972.5
   977.5
   982.5
   987.5
   992.5
   997.5
  1002.5
  1007.5
  1012.5
  1017.5
  1022.5
  1027.5
  1032.5
  1037.5
  1042.5
  1047.5
  1052.5
  1057.5
  1062.5
  1067.5
  1072.5
  1077.5
  1082.5
  1087.5
  1092.5
  1097.5
  1102.5
  1107.5
  1112.5
  1117.5
  1122.5
  1127.5
  1132.5
  1137.5
  1142.5
  1147.5
  1152.5
  1157.5
  1162.5
  1167.5
  1172.5
  1177.5
  1182.5
  1187.5
  1192.5
  1197.5
  1202.5
  1207.5
  1212.5
  1217.5
  1222.5
  1227.5
  1232.5
  1237.5
  1242.5
  1247.5
  1252.5
  1257.5
  1262.5
  1267.5
  1272.5
  1277.5
  1282.5
  1287.5
  1292.5
  1297.5
  1302.5
  1307.5
  1312.5
  1317.5
  1322.5
  1327.5
  1332.5
  1337.5
  1342.5
  1347.5
  1352.5
  1357.5
  1362.5
  1367.5
  1372.5
  1377.5
  1382.5
  1387.5
  1392.5
  1397.5
  1402.5
  1407.5
  1412.5
  1417.5
  1422.5
  1427.5
  1432.5
  1437.5
  1442.5
  1447.5
  1452.5
  1457.5
  1462.5
  1467.5
  1472.5
  1477.5
  1482.5
  1487.5
  1492.5
  1497.5
  1502.5
  1507.5
  1527.6
  1547.9
  1568.4
  1589.2
  1610.5
  1632.3
  1654.8
  1678.0
  1702.1
  1727.3
  1753.7
  1781.6
  1811.1
  1842.7
  1876.5
  1913.1
  1952.9
  1996.6
  2044.9
  2098.7
  2159.3
  2228.4
  2307.9
  2400.7
  2510.5
  2642.5
  2803.9
  3004.9
  3259.8
  3588.9
  4020.9
  4595.4
  5365.9
  6403.9
  7500.0
  8500.0
  9500.0
 10500.0
 11500.0
 12500.0
 13500.0
 14500.0
 15500.0
 16500.0
 17500.0
 18500.0
 19500.0
 20500.0
 22000.0
 23500.0
 25000.0
 26500.0
 28000.0
 29500.0
 31000.0
 32500.0
 34000.0
 35500.0
 37000.0
 38500.0
 40000.0
 41500.0
 43000.0
 44500.0
 46000.0
 47500.0
